19756 16727
1402 4866
2422 18717
15781 12152
1842 10363
13484 10172
3930 8376
1281 14707
6406 8513
12619 11832
12919 19284
16096 5685
1772 8175
17249 12428
17479 18844
13466 17234
15570 11219
18451 14343
6287 14232
6495 8129
946 16330
14652 1228
4706 12284
15934 7463
796 8553
15646 13714
4188 11741
15751 5960
19915 9351
14739 13745
4547 4556
7330 116
15774 5780
10811 18413
16363 17305
2893 13661
9986 17544
14888 14691
6179 10821
18505 6974
15725 14150
17040 19913
2242 12790
2224 18508
18492 16962
12252 3038
1517 15933
19506 13642
1713 10316
12054 14427
3972 14946
8087 13957
8841 2974
5000 15019
10147 3504
1993 2223
14006 15384
18487 16247
4525 710
14755 3016
14023 3358
2406 11891
19291 1911
5533 17355
8578 13938
8133 12549
5236 16220
6505 14076
15545 7856
5447 2043
11360 3791
618 1717
19174 19104
17963 3698
16166 9069
3065 6540
8779 5470
18431 8069
7380 315
1775 12309
10604 9907
4857 15839
2478 7714
6267 14375
15569 8065
16417 3280
11855 17034
4996 11028
12490 2959
11077 8655
8379 14141
11546 17157
19611 9976
1577 3342
10290 19703
15651 17246
5962 16859
13084 8439
4572 15702
19165 16493
3766 11934
19772 11972
5319 4768
19351 17808
4078 10427
2814 8808
920 14360
2317 16882
687 3893
16575 10977
19948 12225
4574 5909
5436 14009
10699 6359
9711 9864
2851 9828
1797 18975
18152 7115
94 17502
1275 523
4281 4088
9330 5200
14799 11646
2081 15486
11891 18655
2814 8190
7232 7387
14098 9019
1395 1148
15377 7457
11011 18228
17285 9159
13554 11788
16274 13647
9289 17548
14169 13569
17987 19850
15120 12786
7848 17200
8271 19738
12207 11084
4279 15790
14822 18376
4808 16216
19523 184
3673 6886
14763 17309
16044 4668
9096 8669
18314 14736
2568 8834
4657 555
8684 19776
9692 16531
13328 17962
12620 5534
5397 16898
17675 218
11625 2482
12785 7499
19017 12809
14384 10132
6469 6780
14799 11916
11800 9465
6652 14368
18298 11308
14922 6981
11083 965
3511 4410
15278 12482
6295 674
5731 3969
17243 17355
2802 6379
4854 1819
19188 15589
8302 5656
18720 3100
17572 10520
8916 575
4887 7214
11882 16160
14194 19316
17124 14057
78 12401
2890 6372
9426 8621
6693 3020
5975 9494
5750 7180
7664 4937
19121 12317
6945 14192
11769 868
4711 684
1442 5949
7897 9675
18460 18443
5342 11935
12499 5419
687 15388
8143 10112
4008 11187
9483 6335
680 15233
9866 4696
16521 8986
17012 19817
3178 5132
684 4240
5816 18477
10189 13712
4503 8648
12154 6197
16935 1004
11615 17621
12744 16109
4085 13103
7295 13567
19437 4327
5151 9303
5374 18024
14640 18737
17840 17817
3869 14876
18409 6036
9704 8597
19747 14207
13596 8253
403 10530
5608 8369
8151 18351
830 12235
11454 4476
2153 7242
5154 3656
16544 10527
1679 7536
5616 19518
5352 5836
10745 112
11871 449
8708 11617
11007 18656
16221 7761
5537 1829
16129 10039
179 13310
18625 7984
14138 778
15226 19291
785 11769
6170 2463
19304 11785
18332 1008
17620 9077
1119 9490
5877 6179
17458 16883
1186 13679
4643 6722
11859 17123
16761 8389
10433 15385
16373 4570
12514 11598
3860 13298
19718 6381
12112 15374
18165 10444
12733 12136
15872 10203
1625 1748
12733 15435
18630 13918
5465 3272
640 17323
394 13752
2063 7178
9136 18435
8099 1650
6384 11959
11299 6102
18339 3411
17827 12856
10206 10559
4991 2429
17113 2968
4176 9846
14754 19157
3763 218
18780 754
13892 15525
14505 15954
2703 19993
14389 10801
17994 772
19111 9292
3225 13802
9054 1051
6657 19259
7961 7999
1687 5074
7318 2214
14919 2071
17722 15033
18640 16501
15787 12531
12026 6643
8485 11080
6635 19225
1880 980
16348 991
10272 19573
11144 15677
16975 14152
14936 1288
18502 12974
6361 5820
11540 17631
4242 9261
9015 2882
2114 1153
15412 14139
7796 248
5218 10782
19472 3449
11762 15820
791 18385
11744 11934
14061 5070
6085 5348
6357 4587
14674 9069
6758 2565
3051 10999
8177 12066
10232 10290
13218 1996
780 17365
2243 2349
4499 18067
5798 16260
10238 2940
10996 1981
14874 1408
7050 17310
6756 9759
18248 17781
18827 1357
345 1878
12356 8521
10295 18939
15163 19864
934 15942
17229 19529
14643 18079
17595 16792
10690 7832
19731 1685
6164 10956
3092 9565
8266 6199
19323 2865
331 14502
4222 675
12731 12929
5548 3025
11867 17062
2888 9153
9355 16468
8681 3997
14546 6275
788 5235
10458 519
3271 12973
11474 2715
2537 16091
8913 18212
18956 5596
12713 19529
2622 5443
12457 8169
4819 675
1582 7706
9827 10937
526 18507
14933 15071
1133 15721
16658 11590
12591 19928
4562 4064
2642 3451
16507 7907
18014 15462
13502 10726
14990 16123
12520 3798
644 17338
4472 2225
1395 14299
13161 1920
9157 4446
13343 10290
166 6352
18231 12756
6279 19145
13171 5273
18947 9677
13179 16960
1490 3032
4037 12831
15506 16556
16628 16149
10245 17452
14726 7991
8102 4238
6263 17258
8683 19605
3899 5200
5956 18482
17955 8586
13978 7478
10210 12924
13506 19740
9883 14996
2771 10271
7826 18277
6826 806
10777 13422
14609 1854
1412 2710
6092 4026
16319 14774
19982 218
19974 2289
15051 14280
10875 9028
18109 1084
18303 11615
824 8185
2962 19946
14807 7139
14574 1632
7944 5351
11405 2552
3556 9168
1613 9647
13194 17932
773 13175
14501 17098
15464 9551
11377 2690
14930 5838
3773 13232
17452 948
17768 16765
894 12574
3903 15467
10557 8199
17169 1961
7102 17077
11128 8715
6723 673
2998 7495
13848 17498
4592 9311
7048 12321
12000 1977
14510 12124
11560 8313
9424 9327
5077 10317
1900 8979
2135 12456
13529 15656
14416 631
12732 1895
5697 15806
2568 8694
3301 16415
6191 4244
2077 9590
12916 10428
7918 7425
18903 19477
15737 8326
8803 17165
14994 7054
2496 17129
19509 16024
9136 10276
16654 1867
12170 18702
17672 11089
7395 17324
3855 9937
17920 2283
15878 7187
12710 147
14612 7965
19623 6700
16290 4777
217 11284
8182 2712
4764 7690
18735 13899
17965 11741
12117 6487
10442 6140
13927 14189
3464 17782
477 17735
64 16355
4921 9126
12853 15884
13442 8828
18936 9731
9956 19152
17366 18138
1863 18481
5827 597
12379 144
8689 4495
2982 15483
10635 16908
9671 10450
11041 6499
8184 7457
19205 13104
16582 12058
5340 10023
885 4275
16105 10840
3426 9823
8977 5288
8303 11156
2236 682
7651 10925
1528 10632
6407 8514
3891 12429
15315 14932
18927 19850
2388 18132
9306 15321
6541 14645
1695 7425
18919 14151
14616 2344
3973 19945
3983 12276
11100 6218
9309 18750
17142 7188
5733 19900
12054 5975
12328 7368
17258 7607
3570 15997
2090 12875
7669 8630
7519 9363
16054 6437
3514 7021
5132 3838
6965 9114
16113 18064
15331 1773
13165 8825
8961 15249
5076 17366
1224 13756
1085 14833
1362 4654
10830 19803
17528 18498
8432 5046
4213 837
7834 4078
7857 12965
7915 14822
18430 380
9237 13761
2152 2402
18937 7464
14002 364
1181 11577
14119 2266
6410 11832
6919 13591
11634 4447
12088 65
5844 12652
901 10030
16729 8758
19346 4644
19931 17776
1375 9167
7888 19878
11568 6824
3694 1922
3539 4874
13498 17658
7139 19907
9489 14058
13497 1123
14856 1937
17539 17051
14588 14792
7080 7669
19901 6426
8664 19831
553 10038
8997 8440
9915 16917
11615 9960
18838 15153
14834 8687
12810 1972
8594 18651
12381 18442
16125 7236
378 13663
639 11318
8454 7718
18986 8354
10495 4001
4536 11047
14038 13533
19486 304
6801 11100
10264 1990
2605 1449
10676 11766
3420 15621
10416 15801
14063 6540
19388 10792
16555 16378
18461 5008
4096 13798
9714 10942
17798 10601
1989 8187
485 17826
8491 7285
5278 15106
5626 7882
16554 16302
19647 16325
11922 10063
8477 5984
12954 4217
13128 9508
594 11588
10868 4689
5386 16933
11983 19535
7533 13971
7722 8018
11796 12564
11654 17073
7669 17280
1306 574
13581 953
16898 1854
7367 5375
4190 320
9591 17317
6180 6536
5256 17047
7577 6993
10331 19559
6528 17863
13529 14249
2232 1676
6812 13886
18749 10832
7517 54
11405 1097
17358 4654
2950 4724
10028 7139
1396 15970
807 7575
2506 6063
973 10082
13055 11303
5992 15934
5517 19520
10182 7749
1195 13345
17986 16295
4176 5502
12701 11932
2950 10058
16586 2251
11134 2965
5742 12529
15287 6548
16455 14144
8962 13779
577 18369
5081 6568
14302 6949
6087 4484
14697 3633
14180 9034
16280 14708
10887 8980
6639 13836
15389 19576
16087 6522
18893 18180
15402 14179
4727 11856
8322 10041
1986 5250
8409 7066
11817 2710
10367 14255
3545 1415
14239 17725
10449 10518
8784 1335
19497 15422
11523 11238
11350 3961
17759 10242
2140 13161
772 6866
1368 9093
16906 19706
10694 1666
6771 2510
4376 17137
13116 4272
18552 7354
18348 5352
14224 7131
3038 10072
18905 14560
1309 10254
18520 19068
16847 659
8580 17618
3877 6299
6710 17134
6004 13755
18800 9127
12616 19527
2615 5731
3798 17518
9436 2146
19221 3659
9276 2259
13731 8180
13170 11391
14785 11690
6810 11631
8700 11741
9248 12576
18040 12309
9710 395
6063 4861
5873 18678
4387 4840
4408 8184
18709 10196
10329 17930
13854 19605
188 3936
4136 9709
11679 18921
1398 18488
10551 10098
10229 19799
19025 4620
12107 8734
1366 18170
13594 7239
13199 14332
8430 17607
2516 7138
4154 12844
5067 18007
8800 1606
18295 12936
11315 9973
8208 9064
4812 18758
19161 15040
14908 18186
19659 7015
3271 1025
1536 13217
4615 14734
7548 13044
8692 10063
181 12845
19259 5248
7204 4410
3205 1850
17345 10871
8174 1904
19935 12985
662 15447
8025 15569
13632 7683
18935 13255
5059 16822
2823 9673
11556 10370
2716 16599
16785 2897
5796 16043
4496 9351
452 4052
11200 14149
14923 19373
16052 11209
8709 13065
6655 16733
4986 16639
768 3920
9893 2178
742 12715
11851 8649
19436 10918
1599 16220
10166 7394
8614 11013
13096 9066
15065 4295
19566 6339
19 11969
17547 5080
5034 4201
1812 10019
17191 18931
10290 7083
17461 7383
16149 9311
12383 15585
16580 13982
8156 6746
17727 16770
14110 10823
2187 9174
11469 18104
11864 7840
10072 5762
12919 11457
9963 11082
17827 7153
6365 8117
10588 3825
11851 3088
9487 4234
15024 6066
14567 3180
9163 8645
16301 3273
15819 14839
8798 3640
12942 17014
11479 19365
2775 749
10822 12737
11830 8648
16242 14546
13116 3181
18370 4967
6268 7856
5552 17644
10274 16470
823 15788
1466 13475
19060 17285
8313 4210
17276 1254
1223 5106
618 3997
5854 7791
13086 14035
16439 5679
8581 5906
8859 3302
7224 11478
11158 9127
9121 17783
5596 6295
13570 7062
16121 8982
698 4433
13191 14325
2038 10765
19430 19008
14761 5283
6798 4198
15669 19588
9876 4249
5494 15086
7551 9069
2916 15060
18196 8388
9194 143
14683 2763
3556 7155
8096 4253
11588 1286
18577 9977
8402 14358
8984 3163
19640 12134
3712 15309
11721 13588
15909 13566
8673 19811
18987 11588
14870 17182
16328 4063
17324 7362
3178 880
14516 11273
1484 2455
8911 16413
12432 17312
10770 17767
16826 6762
9900 538
18422 1621
10477 10682
11538 19149
10493 10524
7089 5362
4057 3416
5777 17733
10777 8954
18612 1644
16578 16447
4099 5488
9211 16530
19152 19981
14296 15977
3094 548
12866 1515
18520 3342
12196 10057
18843 19040
16933 2283
4402 17341
2050 6530
15073 9178
11835 10036
10821 8412
6483 14919
10252 15693
7800 5755
12025 18448
18083 15118
18995 10949
12984 13866
10642 1532
274 9484
571 17206
11766 1324
14547 10167
4205 9619
19344 16039
19655 6517
803 2489
1435 7406
14533 5587
13160 6558
386 11242
18027 15732
18542 11011
9597 9184
8894 9870
18667 5816
7076 6785
7140 17974
16951 11344
3944 12647
3735 19950
19163 889
2438 16949
8294 13323
2535 1453
19880 19272
9046 14258
15003 7588
1620 4599
16771 10513
14469 11789
16329 17896
14925 19820
12221 11876
7515 16164
874 11249
12466 36
8489 11255
13336 16782
4577 12223
14586 808
11494 3632
15066 6497
7571 16685
7447 4341
7198 1915
12481 19878
16162 7406
19697 8382
15633 3563
898 16506
11164 13363
12893 19652
4617 6228
16434 5546
18450 11019
6353 6296
11002 1418
12792 18572
18103 238
19264 1652
18505 11745
1529 14666
19150 17577
19400 11134
1139 297
7639 8654
13659 16883
8306 14627
19462 4739
172 14264
12109 6525
559 19463
7942 9702
14386 2396
6291 10002
4047 4795
1746 1927
15813 17247
19503 15212
4732 16994
11860 12370
5647 1870
5604 13952
16496 5065
15042 16668
19328 3503
19544 19886
19317 3837
9587 13702
6233 12230
3703 10279
13376 1800
12206 5540
15398 8060
751 129
1405 8962
8850 7052
10831 14453
17355 7327
19518 8749
346 18845
8603 16241
15083 7919
77 1021
17972 2661
13250 18027
12940 2978
16178 1497
8517 11576
5908 5620
8056 7313
14581 13258
14364 5412
7710 8070
9090 3579
16818 5787
18776 5420
2027 10210
9690 18455
11230 7662
1116 832
2040 10407
3809 18217
8255 12325
6144 14162
14296 10552
1474 8877
3809 12189
10640 7870
16611 16081
11449 13428
1867 6576
15200 245
16785 4889
18699 8014
8902 19814
5197 10941
6572 5357
5510 14826
14034 11653
8988 8329
2204 6813
17205 2364
15354 4196
10234 11964
276 18034
1743 18494
4609 16942
18738 1393
18183 17437
5758 3436
13602 7307
10729 174
12663 12590
11351 6696
4242 338
15025 2798
3503 8581
1513 18856
9129 11746
7171 9404
9779 8913
7898 10739
2207 2987
12131 16741
16775 14241
176 10377
1547 7256
6902 10561
19845 18252
17257 439
14942 8633
19588 14796
17213 1100
13651 6341
12846 821
12097 18976
6085 16346
9715 8291
19332 1845
5031 16107
12437 1559
2835 10335
8814 6088
896 8659
691 18152
5449 11984
6784 5036
6779 348
6135 16781
3041 18980
17601 15137
17956 38
11482 7670
8328 7165
5866 13359
3271 14655
14917 2457
4989 82
8544 5884
5092 9235
387 10540
17570 7170
15575 4349
3870 1710
1129 6910
17041 15082
2046 11348
15119 9879
15369 3446
17043 1235
13156 16666
12241 4424
19122 17229
4506 7666
3113 9597
13252 19851
16489 10821
7021 12063
11521 10890
10124 12650
14151 3517
7731 16196
14864 2849
2426 10233
2646 19468
7819 15802
16133 59
225 11607
17287 1082
15624 16751
7031 8875
16602 3519
16047 19974
11933 7568
7215 18409
16569 1365
1925 4299
13912 16788
3499 16337
3372 6144
12156 11190
18297 4641
11248 18522
16247 4887
15955 11870
17989 2985
17096 10942
2855 13142
10915 11140
17061 14481
9548 13629
12197 7824
14279 6108
963 17777
18796 4335
273 10952
11876 18569
11944 19476
13442 8190
4362 9397
59 18702
8733 17154
9644 7940
6647 16910
19079 3708
11391 4978
13688 3587
12801 7967
6047 10115
2095 4842
14449 2367
12145 6325
936 4088
5800 14377
12277 6513
125 8687
5214 5210
5840 14857
13149 8839
8119 8579
8898 19509
13556 2585
3095 2708
6903 9141
12822 8998
10335 3623
11364 2479
9947 12299
6567 12098
3028 15195
14962 19504
3882 175
4713 6073
11384 14213
14911 19502
2791 160
15362 12698
2745 14808
15405 9647
3949 4579
14996 10635
8201 6360
13113 14499
15010 16031
6596 14389
11226 1557
13893 15107
18083 14957
1179 5818
9170 12442
1671 8312
12601 13384
1010 11697
8192 12766
17696 8492
17344 12691
19126 5544
15402 12238
16394 10412
8269 2989
4800 15846
897 15044
10952 15332
10001 8482
17501 15522
17275 15524
185 6228
8907 17546
17924 17098
10312 11971
5589 4007
1014 1066
5903 16415
13304 2296
3178 17924
1637 7978
13769 18885
19373 1072
14216 5725
5905 8069
17598 3180
3592 17783
5759 8850
15328 34
5948 1991
12005 7888
2350 13018
8954 4604
5784 18609
3251 8962
12884 4887
13291 3004
3772 12663
4075 14339
18388 6331
2407 15985
5862 2350
10119 11620
11200 1799
11654 17147
141 10
1386 2490
13027 6691
7093 15162
1651 10344
4123 14534
11582 17413
17537 15353
6428 17963
6044 1167
646 8450
17151 6507
7152 3622
18127 18351
5420 6132
11849 5560
6141 13234
4402 19167
16277 7846
10680 17927
14541 14803
12461 6123
8567 6349
17827 14994
664 222
16160 1309
8672 9663
7815 15823
13284 5941
10525 15055
8424 2373
16966 14564
11958 1367
10082 8234
9213 762
6161 105
15564 14973
6227 4130
17673 406
19124 18336
627 11635
19644 5650
1297 7459
17824 14580
9751 8348
5986 18175
7072 2952
12738 19030
4318 2820
7263 9882
3581 9775
9987 15496
1099 12565
15977 18772
9322 15100
17107 6301
6735 16751
11950 4383
561 6126
18963 10311
10825 1300
4837 17897
4251 13927
13278 4921
16746 16892
14802 16678
6667 1140
8525 4117
10057 4501
2888 15730
15953 16347
2030 19039
13097 10332
3421 10009
16457 18735
319 3633
35 1508
1529 4285
15434 14806
9205 8531
11698 359
1560 14716
1498 10084
18832 7906
14584 18072
3636 6888
14418 5665
5926 3866
12348 9347
13874 8804
8081 10544
8789 8115
12051 10317
12400 3836
1475 17956
12366 9524
18314 13925
591 16164
360 15774
4069 11296
13845 7704
18183 4614
9721 4109
8479 2068
13455 18704
7224 1535
5600 16012
6002 14002
2680 18401
17838 506
16356 10203
10029 11022
480 6971
7185 839
2745 11253
8486 12941
15309 6669
17555 1381
10777 2385
19800 583
17441 7023
18469 3040
19386 4470
17041 2066
19222 14878
18923 11930
1433 8952
2951 18264
15922 10135
15454 15018
17739 3940
7959 9399
10608 1865
10779 17736
4249 10579
14670 18041
13953 13138
1080 13339
13960 18121
11756 13181
9350 10678
5110 7134
15981 4412
5397 8255
10898 17203
3272 8637
1142 7582
14387 8101
9446 1518
2188 10047
8448 16857
8087 2400
6346 9167
12090 305
3639 3845
9838 9340
10875 14947
16474 6855
15711 18222
11461 6608
15424 11085
15244 12917
18666 5983
1017 8112
7500 3204
18158 15947
16412 2596
14698 19110
11762 6788
19414 11752
6984 5603
1092 14210
16902 13917
17417 12612
8490 8877
19219 3914
19961 10815
13182 18627
16797 14199
3090 4296
13754 17599
16594 6518
194 11291
5627 8308
14430 1392
59 17766
6995 17502
11975 248
7770 9391
12859 16260
14620 12077
16525 14580
2891 9706
9558 16039
256 8999
334 14010
6597 13279
16879 3143
4570 18857
11450 15351
248 7860
13116 3594
1714 5091
3841 9483
10833 16699
2094 5452
5128 14970
32 4370
1028 5941
409 1283
14940 17094
11644 17888
10373 8522
1030 11294
7378 8831
6644 3978
16691 16112
7571 14756
1202 7764
590 8386
814 2684
13838 5941
14005 10221
10311 15032
16161 10719
16315 7452
4164 4310
5340 14536
12832 6369
2181 16561
11552 8825
538 4594
1288 4461
19349 2489
8576 19938
7226 9389
18973 1063
11682 9330
11283 1992
4361 3796
9062 17027
11247 13225
1337 16586
4113 14168
19307 6293
7080 10858
11469 3970
15451 12756
4782 11151
11596 13357
7440 18822
19097 2765
19884 10778
12094 7519
9121 16454
7666 18182
13481 18912
7759 14817
11850 11871
5336 11156
14515 12415
18365 5984
12736 10167
15091 17517
17669 6687
7225 5108
1860 6322
7872 18095
17099 19965
5613 6220
12771 13278
753 6251
8542 8511
17419 391
16733 19106
7898 11248
7872 2614
13583 608
12780 8673
18124 6800
11711 1701
11907 13570
8022 16131
11665 1472
12447 13629
7691 5217
6907 8444
7819 11800
13306 1589
12190 6391
694 16439
17638 8566
19052 7572
9173 8183
16244 3648
14982 4307
5348 3240
17876 9721
19370 9540
11193 11817
3169 18883
13385 6427
3678 17556
18226 13336
19144 6767
19726 19838
3205 17363
8403 18608
1286 13927
6790 13881
17574 1771
18187 19274
5010 16063
8994 732
1954 186
12548 1474
15421 2284
4252 19098
19839 18829
12433 18983
5595 12158
15172 5151
5872 3574
3758 7157
13852 6899
1038 7777
5021 19224
7050 10031
11638 12396
7114 9944
12581 19661
11417 4353
18296 12021
3451 18135
10849 12235
13469 12796
745 8640
14298 2968
12213 14408
10125 2416
1306 7514
10192 6327
3089 17242
12709 11079
5989 19822
1022 14921
15834 8790
19274 14129
810 2724
12263 11659
11310 2083
806 12054
10722 15103
11374 19286
9510 1498
1701 10816
5363 11893
13494 8451
5486 6202
15881 11474
6023 16902
6394 18208
5692 5667
12336 2853
4742 951
10863 12404
3033 11668
809 13755
3123 12182
9392 12632
10031 11093
19799 15393
19337 13292
196 4822
15845 16076
12647 18219
9330 15392
16426 15021
17411 5114
14225 18504
6064 5088
10907 5448
13107 8068
15554 16229
249 4946
8861 10280
12390 5011
2024 11726
14655 2219
16547 10499
14647 5545
5070 3976
936 1495
15348 18346
2960 9572
16850 5375
14659 4108
10823 7766
12175 2728
346 12424
7673 9206
19055 16414
14217 1078
8139 8871
19649 1037
15721 14295
6581 790
18270 7517
18637 9969
2214 1596
19540 15415
6971 10551
19523 17793
14668 11697
16872 15013
472 4545
4219 15878
958 14787
16956 5449
9 12956
6485 15729
3602 13066
12871 1871
16934 11507
11839 15499
13102 7730
10914 72
18280 6788
14216 9299
14836 7440
4312 11660
11984 4882
7537 9293
19668 844
11093 16028
13799 17578
11756 17400
6995 4626
15622 280
12484 3812
12130 5586
11542 3043
2009 6173
6182 12577
15472 1018
16 19783
12677 8351
1016 16565
13995 17035
17409 5088
13062 7559
19017 1169
1311 2363
5795 13284
2642 14630
17096 14771
215 4989
14166 18576
7513 16699
7504 2984
14068 7519
19118 6744
12221 16485
19661 6215
13519 13421
7654 6580
979 3022
7749 2289
5384 9895
15573 4377
4524 9020
15500 1091
10360 6017
19666 17872
2715 7169
17208 16783
11039 12677
19878 3259
9162 19538
5825 2680
12958 9831
9260 10289
12852 13360
12577 18236
19606 4501
18964 4129
9872 14463
5219 231
479 1236
18103 3194
4756 11662
19976 15794
4338 16205
15404 13499
15743 17581
12531 5052
7411 18142
15340 262
11501 4269
14849 11106
5121 10165
11586 14993
4627 13157
11575 5106
14392 9677
4651 15500
17690 978
7645 2028
17182 3049
11878 9276
629 4408
14328 4391
2549 9667
1004 10401
13935 15853
1506 19056
6017 9444
10400 6995
2600 1974
8452 13343
8003 9454
8842 5692
10431 16487
4071 3965
15887 15949
13240 12867
356 7567
17257 19257
13586 18260
9657 3872
10464 7515
19279 12832
16958 9678
19827 19557
8004 4630
12899 16006
14084 18093
18049 4514
14579 2120
4830 10465
18068 18070
19683 14775
1988 16939
10383 15573
11550 40
19445 2014
3906 18723
11197 17215
8401 7375
13123 16404
12005 2373
8761 6088
465 6809
6953 15043
5280 11783
1859 3347
6204 1541
14474 8191
14831 4856
3764 6381
1247 3208
4746 1504
18282 12294
18718 6682
19669 11840
19437 11673
14213 4549
14112 14677
7710 17416
6072 12989
5550 4282
12688 11753
2175 7161
19944 17005
8368 59
19737 5967
19618 834
7470 17899
13128 6188
933 9148
18027 16721
820 8591
1270 11283
19620 8979
5050 5691
1967 10600
6324 11006
18704 8498
18166 14999
1855 2886
15057 17943
8852 14674
15129 16321
8925 8256
18860 9857
17403 13239
2929 14574
1829 4198
2208 17800
9528 7257
3490 7847
14208 6166
18852 12912
14663 13370
7910 12869
12607 2967
7164 1458
13992 2292
14130 19268
6899 9342
9124 653
2580 8405
15226 760
12602 13785
18560 18482
17393 18401
2680 11601
4566 17883
4512 15581
11252 12421
4801 3858
11739 11964
1667 5731
14255 12149
4998 1153
17842 10474
1805 421
18878 13382
17532 7831
3518 12443
2664 911
10844 5343
8863 11761
3226 13374
3693 10829
5794 8494
11039 13885
16809 9057
19615 11064
17557 964
8568 15398
7789 6725
15818 3018
16458 9702
7201 16328
2144 9864
17238 9339
11559 6100
1100 14784
15825 4792
1964 17970
9637 13002
11854 6446
18411 11468
13861 15967
8784 18780
11365 16572
1856 3534
19590 18314
13235 6790
14641 11731
13005 8230
1069 4563
10681 18520
15698 6505
19664 14014
4474 9300
3367 16328
12097 1777
4147 2309
17744 12930
1089 9108
5854 19296
12641 1795
17609 2228
4936 8601
13958 14292
13182 11378
18855 3862
9898 10904
6718 9561
4917 11192
18860 8284
3871 7309
6412 8017
9617 4155
17299 7057
9614 19504
6353 18607
17650 313
834 18937
5266 11143
13228 18447
2520 8434
18661 12417
19338 5378
18329 606
16569 13541
5241 16791
849 11653
1160 6817
12159 14810
13874 1773
14313 16578
379 8314
16890 17564
7250 2155
5058 477
16954 7577
8911 15614
16346 4600
991 14674
5205 13912
8214 6798
10702 5414
18450 8213
12231 10608
3022 2456
8732 13686
19033 5462
1999 12274
3025 9248
10781 8082
6077 7734
12011 14987
3347 4708
19586 689
19381 1142
14600 3947
7939 1654
5712 2740
9866 17942
9700 12888
16749 18431
6573 12133
3893 4924
759 3269
10523 11539
7703 16599
15624 19713
11585 18970
4420 7522
19658 152
5016 10610
450 12954
12263 6162
12046 18480
455 1745
11367 13556
16527 14292
5688 16771
19215 6446
40 6089
14336 4094
2688 9959
158 10624
5280 929
18146 1290
1080 19513
11899 17882
8818 513
4043 863
18992 849
18959 10359
14404 15486
1002 92
12256 16568
2889 8647
2656 17225
12740 5343
7183 12897
15967 8815
13825 10464
10104 11257
6328 2002
9138 15145
2514 9532
12360 17857
10380 11318
4567 4784
6803 5568
4875 15411
18487 4115
409 1143
1339 9501
2837 4874
2397 18803
13688 12574
5618 3791
182 11945
2144 5671
3442 1009
15202 15801
18865 5581
7118 3432
10364 10273
5351 11590
2035 3838
12057 2443
1332 13395
11943 4168
14620 10692
19323 4659
19617 4940
8449 19798
13237 6944
5468 13030
7952 17021
8830 3169
2601 12299
2952 9317
18923 8302
17258 957
8491 9314
19752 9822
19061 8046
13990 10032
15089 13312
14691 14705
14603 19491
10854 4191
6435 12673
17220 10738
9693 2401
13906 8646
14700 16857
14314 13622
1511 7923
10931 10001
13589 10682
16175 9001
15079 10164
19032 10168
19827 13722
1224 14429
13213 12078
18620 15999
1102 12191
6736 7147
14592 642
12144 9291
13850 2809
19264 15360
10731 10194
1713 671
17227 17887
9671 12306
4402 5055
18825 4228
15128 48
15008 8340
8477 9979
4338 5931
2170 7426
13077 16761
8067 5220
2403 18268
8028 1666
13628 15110
8212 11692
15781 1790
5930 1803
14095 6683
3209 9271
10910 18337
9319 2269
3028 14147
12248 3718
77 14417
11143 9505
7529 19209
14724 6283
17476 19103
4300 7455
10565 12511
15498 2697
14301 17779
851 4747
4461 4060
14018 15370
2396 19688
17639 5423
13834 6238
9140 10263
654 282
19767 4534
15842 10843
10816 9670
6297 15115
13476 16861
7626 8974
19557 18278
6752 408
3024 7565
4467 13393
2934 3214
13080 16924
8636 3266
3161 14128
9880 166
10761 9646
4699 2955
16840 11866
12624 3137
6981 2451
19997 10958
11424 15906
9235 14528
16313 8610
2092 17131
18355 1377
344 7786
14653 5331
11051 14165
19458 17282
14331 6571
3280 15381
9525 119
7247 18500
3255 10579
950 19604
1536 12374
15509 7122
3253 11821
12083 1696
8951 10437
19424 5646
18223 14076
10976 5625
8241 6786
2907 18923
13356 6186
10655 2880
2656 17901
1379 5911
4831 2328
1866 6366
11053 17374
13487 10657
5546 5570
12352 10848
12358 11776
16493 10580
2203 7468
12557 10443
10605 15463
5717 3960
18000 16372
3191 655
10624 4569
2917 15455
3249 4782
18172 10653
2155 11659
1310 7700
13580 10013
14899 2289
18140 11391
12869 343
15211 5425
7137 5815
17239 12854
9775 11590
5577 12965
12244 16200
13886 15161
8006 13486
16294 6178
4138 14801
14188 5447
2500 4119
11812 13751
6407 9951
5141 19275
10293 16703
1051 17430
2518 14641
6635 8644
6230 12211
17960 18474
4762 11845
9986 12768
1682 2631
15297 5820
17431 9484
7618 16283
13602 19429
10033 8
9380 15173
15635 19672
8228 16685
13453 10745
7678 87
15740 13907
8649 13699
8732 9763
1896 15069
18882 3577
17700 14178
9396 15130
3661 17014
11412 13614
12794 17796
9973 2173
12969 5607
18197 17548
18644 8001
8292 6321
4440 4031
227 13088
14081 5311
2850 15976
379 18083
15905 18078
12260 5300
13208 12272
18665 971
5885 7811
18767 15858
9983 8087
17816 4531
5634 16459
12532 10277
2779 13323
10659 19358
6410 4739
4668 5612
17067 5046
3694 12971
19476 12306
14622 12683
4577 9639
10005 10462
17449 8771
2671 3783
13209 486
8314 18842
13297 17197
5470 16075
10519 16128
11784 13280
867 12803
15243 14285
17849 15289
7255 17324
7594 1876
6358 12170
7866 16362
18983 5314
1485 18005
9097 11045
18491 17410
9887 11787
10958 15356
4213 1476
7836 12349
14755 8702
5151 9998
2986 19351
5286 6592
13026 9231
4819 19383
1400 12685
12097 16735
17998 9933
14739 3446
977 9581
855 7215
17719 8164
18923 1932
9639 6758
10632 746
15459 15782
7095 14796
15133 8732
1387 8158
17962 2557
3893 15713
15241 12341
12447 9591
2273 3538
13036 3249
13118 10243
6816 10837
18406 5738
9120 4397
12495 19751
5142 4305
15532 8588
19100 7016
17319 16838
11526 11632
15746 15418
3696 10987
7758 16143
577 10030
16032 13612
9630 9149
3854 12797
16337 18612
18534 5456
3008 11028
1558 4501
11684 13442
13088 7135
457 6758
324 11982
18389 16070
3751 18436
7056 11508
14578 3984
17889 10609
13947 3871
16110 17801
16667 12446
16412 15201
14254 15771
2580 12163
271 14264
5604 13358
1398 2413
115 1722
10746 14855
14143 14497
13290 1198
2356 4220
1533 245
11180 15479
467 3641
13279 17133
16087 6042
8685 6692
1812 11265
15206 2082
1880 810
11791 19629
19574 8257
17702 10319
3111 11844
1167 12753
13041 3523
13324 10925
119 4503
6404 585
8144 19682
17717 582
2076 6402
3625 239
14018 18830
18673 12249
15991 10463
11877 15564
18720 5931
5883 18182
17774 3401
10934 7167
6923 4257
18091 7041
5112 4494
7625 9607
528 1694
6540 2603
4447 10164
19193 14816
5345 17865
7064 1336
8328 15292
16899 3399
1222 19133
1580 15348
18886 8866
2514 5808
13122 604
9201 14585
1450 13177
4191 1977
14870 7082
931 19316
17245 123
10483 18942
17988 17546
277 2667
9190 13527
6065 6763
9012 3996
2110 7897
12861 4623
10056 2335
1579 19256
16919 3028
12433 17462
5004 3654
4543 5934
2970 18140
2408 9804
17081 16747
3702 13709
15765 12891
3587 18181
19653 8950
2177 1763
13198 15037
2737 3254
17371 4315
2509 10642
7342 11293
8103 8697
14947 8997
10982 14268
7136 9742
4071 568
6488 7772
14276 2253
662 14215
433 16667
3164 18961
14781 16362
13998 17517
19615 7720
18184 18475
18361 1877
9768 6463
10574 1066
15460 17907
15333 18947
7648 15755
19515 14136
3527 10142
12740 540
4356 9524
13558 7520
8485 8338
233 18834
2207 19847
6553 390
14673 4914
2266 792
7728 9191
1857 19539
7098 13541
18486 14745
9296 14352
5232 12822
4493 17971
9713 5201
3847 3271
12720 12331
11608 12952
11164 13814
9150 14068
10555 3822
18981 12821
4614 6709
2011 2822
2599 5460
16363 1084
205 5658
11787 1788
14831 16280
19759 895
1480 19957
4165 10551
8639 12125
19854 19802
2290 9003
13869 12845
9176 9202
2017 10141
12262 379
12963 14860
5839 5677
12296 2395
7686 4082
4182 18868
16713 292
19762 14544
248 279
1446 8886
12403 1299
5039 14692
6653 15260
3888 12181
4461 2256
2321 16722
2635 11635
7933 8473
17311 228
7219 1348
662 11400
215 17374
11692 19977
8270 11939
255 9715
17177 9009
7366 2215
3700 10370
17474 3940
2550 1934
6195 1223
15007 8829
12857 2940
13653 6520
19519 871
7867 180
8623 8082
13906 314
4410 2175
8604 4664
8241 5780
13672 11958
7995 13723
2328 5468
14014 1229
3754 209
2451 18760
5389 11660
18051 15394
18179 17570
16264 2397
17749 1238
10478 8006
1551 11239
6532 10155
12254 14773
12286 5925
3082 280
16000 5409
2100 10013
2990 5853
6573 5440
964 11962
13451 19015
7355 11629
16584 19970
10378 10684
1208 17207
18690 19110
8446 5221
5616 699
16345 17902
2976 19427
18181 18975
1187 280
5339 4176
2484 8264
5968 3448
225 19418
2462 3931
7399 15397
252 17776
6080 17811
14982 4769
13273 19779
6342 18888
478 2686
16789 19805
18464 11322
15131 19651
7953 469
178 10437
8732 6145
13884 5308
1915 12697
5590 9313
8093 2194
3440 14172
16356 14773
15293 9628
14552 17986
8516 11381
17023 1656
11185 15487
9329 6315
11489 13634
3135 11666
4070 8219
14163 14305
13526 16077
3353 15468
1741 11445
17661 1532
1968 14016
16304 17260
19996 7207
11597 4863
18587 8620
6518 9771
4106 12199
12437 11946
5832 15572
3611 6253
3790 14125
16909 13667
10201 261
5486 8293
11705 3146
9824 13672
13514 2480
7284 13509
9686 18880
18371 8273
7499 1240
14395 7956
9790 6832
19901 15621
18755 19864
18225 2544
13988 15133
12562 541
15393 18048
8833 3449
17545 15009
17121 7410
17488 756
17270 7173
19635 11992
15445 3486
9584 6192
7793 19373
13023 7694
14994 11777
3909 9570
10672 17896
4703 19585
18436 16447
17632 3621
19896 11529
18629 13368
18938 16116
14123 16208
19640 10109
8199 15085
13594 17782
1276 17739
13507 10650
1784 4852
18778 5692
14421 5801
19939 19123
5385 14727
15570 3017
18347 11817
14545 13327
5184 9834
5794 19306
6041 5433
5766 10592
517 19360
4725 18144
13450 18231
5145 15233
3082 3922
924 13855
9722 862
12977 11459
15588 4898
14475 10286
13066 5371
3612 18249
15204 9405
13906 17597
14838 19672
8188 11706
15383 9264
9850 8832
7495 11346
4064 6928
15268 4987
782 1341
2200 10111
12799 17788
11360 3625
8073 4426
8995 8037
19026 551
17441 12932
18147 12278
8955 2686
3984 4337
11949 10185
9520 19443
1530 13583
2723 13149
14921 3504
14490 13472
9966 3640
11259 1326
7265 15684
2103 12611
3720 1128
9513 1160
14059 7659
9790 19365
10344 10125
3701 2293
309 13220
18087 1838
3154 17161
14987 14426
665 5828
7898 6982
9467 15508
8307 13083
7543 10409
2046 11262
11537 11558
8774 1947
15569 14915
1312 5912
5039 1364
4556 5347
10936 18995
3536 10441
16155 18522
4867 13171
701 12764
153 6520
4623 4811
15954 12166
11572 17999
19779 3108
5909 8552
1406 1477
19818 19069
3740 4856
16785 4648
6554 7720
19994 10090
18160 16148
4963 3026
5671 5664
12141 5823
12183 13116
6985 4488
5281 18556
2487 5059
18015 4747
9963 19421
2575 6132
14841 6314
10988 11625
7313 17541
15696 7306
3982 13856
19806 8945
13233 5476
10960 1726
7650 19494
14841 14634
3981 16473
13190 6467
17883 11204
7565 4197
6976 10139
10329 1817
12805 1316
9793 117
15208 5489
7423 19190
19344 3580
4486 8928
9055 15445
10653 16704
14938 1845
11337 18918
18317 4526
1737 12552
15730 9301
16748 2705
19440 7076
873 12244
4743 10666
8712 16303
16154 12486
11844 11849
16065 12681
776 5119
8125 11429
18174 19414
9625 9511
14683 4294
10388 16419
16845 2469
2072 9944
1526 17863
13372 2398
6458 14466
9415 15169
10768 5568
4007 18963
17416 71
11643 18192
1542 16119
5972 19715
15532 11948
5577 10215
16241 15965
2985 13085
18433 1408
19381 16310
19270 12752
18708 5727
7217 8122
17248 14337
10042 1254
13299 3809
17676 1294
18352 19217
17412 675
18932 9296
12623 4508
19510 8863
16824 18846
18300 11609
254 17680
7918 15875
10431 6625
17954 17647
11099 11553
11983 17492
9158 1634
1300 6833
2927 19652
6050 338
326 1333
9633 12948
2192 5494
18163 19016
692 16462
10624 945
10493 14893
13171 17275
1518 11124
11273 8968
2676 3256
6459 11833
1241 4110
15018 4167
3761 17419
856 439
18751 6841
9738 17294
12334 4252
12661 9377
17065 19636
6673 7557
14529 19844
4831 12398
10967 16104
1365 9995
15711 4175
18179 13303
8284 13196
17469 8397
10614 14676
5187 5716
1516 14924
3010 10202
15528 15670
19578 12592
15306 6251
149 6186
6094 1331
18583 13412
13786 19947
3406 9496
473 17937
19150 5108
11132 16618
9856 1746
11294 15042
