300
10000 pmb 10000 0010110
20000 pmc 20000 1001010
30000 pmd 30000 0001011
40000 pme 40000 1100100
50000 pmf 50000 1001001
60000 pmg 60000 0011010
70000 pmh 70000 0101100
80000 pmi 80000 0000111
90000 pmj 90000 1000011
100000 pmk 100000 0100011
110000 pml 110000 1110000
120000 pmm 120000 1010010
130000 pmn 130000 0111000
140000 pmo 140000 0011001
150000 pmp 150000 1000110
160000 pmq 160000 1001010
170000 pmr 170000 0001011
180000 pms 180000 0110100
190000 pmt 190000 1000101
200000 pmu 200000 0011010
210000 pmv 210000 0101100
220000 pmw 220000 0001101
230000 pmx 230000 1000011
240000 pmy 240000 0100011
250000 pmz 250000 1110000
260000 pmab 260000 1010001
270000 pmbb 270000 1011000
280000 pmcb 280000 0011001
290000 pmdb 290000 1000110
300000 pmeb 300000 0101010
310000 pmfb 310000 0010011
320000 pmgb 320000 0110100
330000 pmhb 330000 1000101
340000 pmib 340000 0011010
350000 pmjb 350000 0101010
360000 pmkb 360000 0001101
370000 pmlb 370000 1000011
380000 pmmb 380000 0100101
390000 pmnb 390000 0110001
400000 pmob 400000 1010001
410000 pmpb 410000 1011000
420000 pmqb 420000 0111000
430000 pmrb 430000 0010110
440000 pmsb 440000 0101010
450000 pmtb 450000 0010011
460000 pmub 460000 1100100
470000 pmvb 470000 1001001
480000 pmwb 480000 0011010
490000 pmxb 490000 0101010
500000 pmyb 500000 0000111
510000 pmzb 510000 1000011
520000 pmac 520000 0100101
530000 pmbc 530000 0110001
540000 pmcc 540000 1010010
550000 pmdc 550000 0111000
560000 pmec 560000 0111000
570000 pmfc 570000 0010110
580000 pmgc 580000 1001010
590000 pmhc 590000 0001011
600000 pmic 600000 1100100
610000 pmjc 610000 1001001
620000 pmkc 620000 0011010
630000 pmlc 630000 0101100
640000 pmmc 640000 0000111
650000 pmnc 650000 1000011
660000 pmoc 660000 0100011
670000 pmpc 670000 1110000
680000 pmqc 680000 1010010
690000 pmrc 690000 0111000
700000 pmsc 700000 0011001
710000 pmtc 710000 1000110
720000 pmuc 720000 1001010
730000 pmvc 730000 0001011
740000 pmwc 740000 0110100
750000 pmxc 750000 1000101
760000 pmyc 760000 0011010
770000 pmzc 770000 0101100
780000 pmad 780000 0001101
790000 pmbd 790000 1000011
800000 pmcd 800000 0100011
810000 pmdd 810000 1110000
820000 pmed 820000 1010001
830000 pmfd 830000 1011000
840000 pmgd 840000 0011001
850000 pmhd 850000 1000110
860000 pmid 860000 0101010
870000 pmjd 870000 0010011
880000 pmkd 880000 0110100
890000 pmld 890000 1000101
900000 pmmd 900000 0011010
910000 pmnd 910000 0101010
920000 pmod 920000 0001101
930000 pmpd 930000 1000011
940000 pmqd 940000 0100101
950000 pmrd 950000 0110001
960000 pmsd 960000 1010001
970000 pmtd 970000 1011000
980000 pmud 980000 0111000
990000 pmvd 990000 0010110
1000000 pmwd 1000000 0101010
1010000 pmxd 1010000 0010011
1020000 pmyd 1020000 1100100
1030000 pmzd 1030000 1001001
1040000 pmae 1040000 0011010
1050000 pmbe 1050000 0101010
1060000 pmce 1060000 0000111
1070000 pmde 1070000 1000011
1080000 pmee 1080000 0100101
1090000 pmfe 1090000 0110001
1100000 pmge 1100000 1010010
1110000 pmhe 1110000 0111000
1120000 pmie 1120000 0111000
1130000 pmje 1130000 0010110
1140000 pmke 1140000 1001010
1150000 pmle 1150000 0001011
1160000 pmme 1160000 1100100
1170000 pmne 1170000 1001001
1180000 pmoe 1180000 0011010
1190000 pmpe 1190000 0101100
1200000 pmqe 1200000 0000111
1210000 pmre 1210000 1000011
1220000 pmse 1220000 0100011
1230000 pmte 1230000 1110000
1240000 pmue 1240000 1010010
1250000 pmve 1250000 0111000
1260000 pmwe 1260000 0011001
1270000 pmxe 1270000 1000110
1280000 pmye 1280000 0001110
1290000 pmze 1290000 0100011
1300000 pmaf 1300000 0100110
1310000 pmbf 1310000 1100001
1320000 pmcf 1320000 0010011
1330000 pmdf 1330000 1101000
1340000 pmef 1340000 0100101
1350000 pmff 1350000 1010010
1360000 pmgf 1360000 1100001
1370000 pmhf 1370000 0111000
1380000 pmif 1380000 1011000
1390000 pmjf 1390000 0011100
1400000 pmkf 1400000 0011100
1410000 pmlf 1410000 0000111
1420000 pmmf 1420000 0001110
1430000 pmnf 1430000 0100011
1440000 pmof 1440000 0100110
1450000 pmpf 1450000 1100001
1460000 pmqf 1460000 0010011
1470000 pmrf 1470000 1101000
1480000 pmsf 1480000 0100101
1490000 pmtf 1490000 1010010
1500000 pmuf 1500000 1100001
1510000 pmvf 1510000 0111000
1520000 pmwf 1520000 1011000
1530000 pmxf 1530000 0011100
1540000 pmyf 1540000 0011100
1550000 pmzf 1550000 0000111
1560000 pmag 1560000 0001110
1570000 pmbg 1570000 0100011
1580000 pmcg 1580000 0100110
1590000 pmdg 1590000 1100001
1600000 pmeg 1600000 0010011
1610000 pmfg 1610000 1101000
1620000 pmgg 1620000 0100101
1630000 pmhg 1630000 1010010
1640000 pmig 1640000 1100001
1650000 pmjg 1650000 0111000
1660000 pmkg 1660000 1011000
1670000 pmlg 1670000 0011100
1680000 pmmg 1680000 0011100
1690000 pmng 1690000 0000111
1700000 pmog 1700000 0001110
1710000 pmpg 1710000 0100011
1720000 pmqg 1720000 0100110
1730000 pmrg 1730000 1100001
1740000 pmsg 1740000 0010011
1750000 pmtg 1750000 1101000
1760000 pmug 1760000 0100101
1770000 pmvg 1770000 1010010
1780000 pmwg 1780000 1100001
1790000 pmxg 1790000 0111000
1800000 pmyg 1800000 1011000
1810000 pmzg 1810000 0011100
1820000 pmah 1820000 0011100
1830000 pmbh 1830000 0000111
1840000 pmch 1840000 0001110
1850000 pmdh 1850000 0100011
1860000 pmeh 1860000 0100110
1870000 pmfh 1870000 1100001
1880000 pmgh 1880000 0010011
1890000 pmhh 1890000 1101000
1900000 pmih 1900000 0100101
1910000 pmjh 1910000 1010010
1920000 pmkh 1920000 1100001
1930000 pmlh 1930000 0111000
1940000 pmmh 1940000 1011000
1950000 pmnh 1950000 0011100
1960000 pmoh 1960000 0011100
1970000 pmph 1970000 0000111
1980000 pmqh 1980000 0001110
1990000 pmrh 1990000 0100011
2000000 pmsh 2000000 0100110
2010000 pmth 2010000 1100001
2020000 pmuh 2020000 0010011
2030000 pmvh 2030000 1101000
2040000 pmwh 2040000 0100101
2050000 pmxh 2050000 1010010
2060000 pmyh 2060000 1100001
2070000 pmzh 2070000 0111000
2080000 pmai 2080000 1011000
2090000 pmbi 2090000 0011100
2100000 pmci 2100000 0011100
2110000 pmdi 2110000 0000111
2120000 pmei 2120000 0001110
2130000 pmfi 2130000 0100011
2140000 pmgi 2140000 0100110
2150000 pmhi 2150000 1100001
2160000 pmii 2160000 0010011
2170000 pmji 2170000 1101000
2180000 pmki 2180000 0100101
2190000 pmli 2190000 1010010
2200000 pmmi 2200000 1100001
2210000 pmni 2210000 0111000
2220000 pmoi 2220000 1011000
2230000 pmpi 2230000 0011100
2240000 pmqi 2240000 0011100
2250000 pmri 2250000 0000111
2260000 pmsi 2260000 0001110
2270000 pmti 2270000 0100011
2280000 pmui 2280000 0100110
2290000 pmvi 2290000 1100001
2300000 pmwi 2300000 0010011
2310000 pmxi 2310000 1101000
2320000 pmyi 2320000 0100101
2330000 pmzi 2330000 1010010
2340000 pmaj 2340000 1100001
2350000 pmbj 2350000 0111000
2360000 pmcj 2360000 1011000
2370000 pmdj 2370000 0011100
2380000 pmej 2380000 0011100
2390000 pmfj 2390000 0000111
2400000 pmgj 2400000 0001110
2410000 pmhj 2410000 0100011
2420000 pmij 2420000 0100110
2430000 pmjj 2430000 1100001
2440000 pmkj 2440000 0010011
2450000 pmlj 2450000 1101000
2460000 pmmj 2460000 0100101
2470000 pmnj 2470000 1010010
2480000 pmoj 2480000 1100001
2490000 pmpj 2490000 0111000
2500000 pmqj 2500000 1011000
2510000 pmrj 2510000 0011100
2520000 pmsj 2520000 0011100
2530000 pmtj 2530000 0000111
2540000 pmuj 2540000 0001110
2550000 pmvj 2550000 0100011
2560000 pmwj 2560000 1010100
2570000 pmxj 2570000 0010101
2580000 pmyj 2580000 0001110
2590000 pmzj 2590000 0100110
2600000 pmak 2600000 0001011
2610000 pmbk 2610000 1000011
2620000 pmck 2620000 1100100
2630000 pmdk 2630000 1010001
2640000 pmek 2640000 1010001
2650000 pmfk 2650000 1001100
2660000 pmgk 2660000 0110100
2670000 pmhk 2670000 0010110
2680000 pmik 2680000 0101001
2690000 pmjk 2690000 0110010
2700000 pmkk 2700000 1010100
2710000 pmlk 2710000 0011001
2720000 pmmk 2720000 0001110
2730000 pmnk 2730000 0100110
2740000 pmok 2740000 0000111
2750000 pmpk 2750000 1100001
2760000 pmqk 2760000 1100100
2770000 pmrk 2770000 1010001
2780000 pmsk 2780000 1010010
2790000 pmtk 2790000 0101100
2800000 pmuk 2800000 0110100
2810000 pmvk 2810000 0010110
2820000 pmwk 2820000 1001001
2830000 pmxk 2830000 0101010
2840000 pmyk 2840000 1010100
2850000 pmzk 2850000 0011001
2860000 pmal 2860000 0011010
2870000 pmbl 2870000 0100110
2880000 pmcl 2880000 0000111
2890000 pmdl 2890000 1100001
2900000 pmel 2900000 1100010
2910000 pmfl 2910000 1110000
2920000 pmgl 2920000 1010010
2930000 pmhl 2930000 0101100
2940000 pmil 2940000 0010101
2950000 pmjl 2950000 1000110
2960000 pmkl 2960000 1001001
2970000 pmll 2970000 0101010
2980000 pmml 2980000 1010100
2990000 pmnl 2990000 0010101
3000000 pmol 3000000 0011010
